,OnlineTraining/AverageReturn,EnvironmentSteps
0,-283.26055908203125,30100.0
1,-283.26055908203125,30200.0
2,-283.26055908203125,30300.0
3,-283.26055908203125,30400.0
4,-283.26055908203125,30500.0
5,-283.26055908203125,30600.0
6,-283.26055908203125,30700.0
7,-283.26055908203125,30800.0
8,-283.26055908203125,30900.0
9,-294.5174865722656,31000.0
10,-294.5174865722656,31100.0
11,-294.5174865722656,31200.0
12,-294.5174865722656,31300.0
13,-294.5174865722656,31400.0
14,-294.5174865722656,31500.0
15,-294.5174865722656,31600.0
16,-294.5174865722656,31700.0
17,-294.5174865722656,31800.0
18,-294.5174865722656,31900.0
19,-289.9712829589844,32000.0
20,-289.9712829589844,32100.0
21,-289.9712829589844,32200.0
22,-289.9712829589844,32300.0
23,-289.9712829589844,32400.0
24,-289.9712829589844,32500.0
25,-289.9712829589844,32600.0
26,-289.9712829589844,32700.0
27,-289.9712829589844,32800.0
28,-289.9712829589844,32900.0
29,-308.48162841796875,33000.0
30,-308.48162841796875,33100.0
31,-308.48162841796875,33200.0
32,-308.48162841796875,33300.0
33,-308.48162841796875,33400.0
34,-308.48162841796875,33500.0
35,-308.48162841796875,33600.0
36,-308.48162841796875,33700.0
37,-308.48162841796875,33800.0
38,-308.48162841796875,33900.0
39,-315.7042541503906,34000.0
40,-315.7042541503906,34100.0
41,-315.7042541503906,34200.0
42,-315.7042541503906,34300.0
43,-315.7042541503906,34400.0
44,-315.7042541503906,34500.0
45,-315.7042541503906,34600.0
46,-315.7042541503906,34700.0
47,-315.7042541503906,34800.0
48,-315.7042541503906,34900.0
49,-315.12530517578125,35000.0
50,-315.12530517578125,35100.0
51,-315.12530517578125,35200.0
52,-315.12530517578125,35300.0
53,-315.12530517578125,35400.0
54,-315.12530517578125,35500.0
55,-315.12530517578125,35600.0
56,-315.12530517578125,35700.0
57,-315.12530517578125,35800.0
58,-315.12530517578125,35900.0
59,-315.6607360839844,36000.0
60,-315.6607360839844,36100.0
61,-315.6607360839844,36200.0
62,-315.6607360839844,36300.0
63,-315.6607360839844,36400.0
64,-315.6607360839844,36500.0
65,-315.6607360839844,36600.0
66,-315.6607360839844,36700.0
67,-315.6607360839844,36800.0
68,-315.6607360839844,36900.0
69,-301.2568054199219,37000.0
70,-301.2568054199219,37100.0
71,-301.2568054199219,37200.0
72,-301.2568054199219,37300.0
73,-301.2568054199219,37400.0
74,-301.2568054199219,37500.0
75,-301.2568054199219,37600.0
76,-301.2568054199219,37700.0
77,-301.2568054199219,37800.0
78,-301.2568054199219,37900.0
79,-301.0710754394531,38000.0
80,-301.0710754394531,38100.0
81,-301.0710754394531,38200.0
82,-301.0710754394531,38300.0
83,-301.0710754394531,38400.0
84,-301.0710754394531,38500.0
85,-301.0710754394531,38600.0
86,-301.0710754394531,38700.0
87,-301.0710754394531,38800.0
88,-301.0710754394531,38900.0
89,-285.8587341308594,39000.0
90,-285.8587341308594,39100.0
91,-285.8587341308594,39200.0
92,-285.8587341308594,39300.0
93,-285.8587341308594,39400.0
94,-285.8587341308594,39500.0
95,-285.8587341308594,39600.0
96,-285.8587341308594,39700.0
97,-285.8587341308594,39800.0
98,-285.8587341308594,39900.0
99,-272.29241943359375,40000.0
