,OnlineTraining/AverageReturn,NumberOfEpisodes
0,-283.26055908203125,30.0
1,-283.26055908203125,30.0
2,-283.26055908203125,30.0
3,-283.26055908203125,30.0
4,-283.26055908203125,30.0
5,-283.26055908203125,30.0
6,-283.26055908203125,30.0
7,-283.26055908203125,30.0
8,-283.26055908203125,30.0
9,-294.5174865722656,31.0
10,-294.5174865722656,31.0
11,-294.5174865722656,31.0
12,-294.5174865722656,31.0
13,-294.5174865722656,31.0
14,-294.5174865722656,31.0
15,-294.5174865722656,31.0
16,-294.5174865722656,31.0
17,-294.5174865722656,31.0
18,-294.5174865722656,31.0
19,-289.9712829589844,32.0
20,-289.9712829589844,32.0
21,-289.9712829589844,32.0
22,-289.9712829589844,32.0
23,-289.9712829589844,32.0
24,-289.9712829589844,32.0
25,-289.9712829589844,32.0
26,-289.9712829589844,32.0
27,-289.9712829589844,32.0
28,-289.9712829589844,32.0
29,-308.48162841796875,33.0
30,-308.48162841796875,33.0
31,-308.48162841796875,33.0
32,-308.48162841796875,33.0
33,-308.48162841796875,33.0
34,-308.48162841796875,33.0
35,-308.48162841796875,33.0
36,-308.48162841796875,33.0
37,-308.48162841796875,33.0
38,-308.48162841796875,33.0
39,-315.7042541503906,34.0
40,-315.7042541503906,34.0
41,-315.7042541503906,34.0
42,-315.7042541503906,34.0
43,-315.7042541503906,34.0
44,-315.7042541503906,34.0
45,-315.7042541503906,34.0
46,-315.7042541503906,34.0
47,-315.7042541503906,34.0
48,-315.7042541503906,34.0
49,-315.12530517578125,35.0
50,-315.12530517578125,35.0
51,-315.12530517578125,35.0
52,-315.12530517578125,35.0
53,-315.12530517578125,35.0
54,-315.12530517578125,35.0
55,-315.12530517578125,35.0
56,-315.12530517578125,35.0
57,-315.12530517578125,35.0
58,-315.12530517578125,35.0
59,-315.6607360839844,36.0
60,-315.6607360839844,36.0
61,-315.6607360839844,36.0
62,-315.6607360839844,36.0
63,-315.6607360839844,36.0
64,-315.6607360839844,36.0
65,-315.6607360839844,36.0
66,-315.6607360839844,36.0
67,-315.6607360839844,36.0
68,-315.6607360839844,36.0
69,-301.2568054199219,37.0
70,-301.2568054199219,37.0
71,-301.2568054199219,37.0
72,-301.2568054199219,37.0
73,-301.2568054199219,37.0
74,-301.2568054199219,37.0
75,-301.2568054199219,37.0
76,-301.2568054199219,37.0
77,-301.2568054199219,37.0
78,-301.2568054199219,37.0
79,-301.0710754394531,38.0
80,-301.0710754394531,38.0
81,-301.0710754394531,38.0
82,-301.0710754394531,38.0
83,-301.0710754394531,38.0
84,-301.0710754394531,38.0
85,-301.0710754394531,38.0
86,-301.0710754394531,38.0
87,-301.0710754394531,38.0
88,-301.0710754394531,38.0
89,-285.8587341308594,39.0
90,-285.8587341308594,39.0
91,-285.8587341308594,39.0
92,-285.8587341308594,39.0
93,-285.8587341308594,39.0
94,-285.8587341308594,39.0
95,-285.8587341308594,39.0
96,-285.8587341308594,39.0
97,-285.8587341308594,39.0
98,-285.8587341308594,39.0
99,-272.29241943359375,40.0
